base: 0.000000, 0.000000. 0.000000
current
Matrix Display
1.000000, 0.000000, 0.000000, 0.000000
0.000000, 1.000000, 0.000000, 0.000000
0.000000, 0.000000, 1.000000, 0.000000
0.000000, 0.000000, 0.000000, 1.000000
base: 0.000000, 0.000000. 0.000000
current
Matrix Display
1.000000, 0.000000, 0.000000, 0.000000
0.000000, 1.000000, 0.000000, 0.000000
0.000000, 0.000000, 1.000000, 0.000000
0.000000, 0.000000, 0.000000, 1.000000
base: 0.000000, 0.000000. 0.000000
current
Matrix Display
1.000000, 0.000000, 0.000000, 0.000000
0.000000, 1.000000, 0.000000, 0.000000
0.000000, 0.000000, 1.000000, 0.000000
0.000000, 0.000000, 0.000000, 1.000000
base: 0.000000, 0.000000. 0.000000
current
Matrix Display
1.000000, 0.000000, 0.000000, 0.000000
0.000000, 1.000000, 0.000000, 0.000000
0.000000, 0.000000, 1.000000, 0.000000
0.000000, 0.000000, 0.000000, 1.000000
base: 0.000000, 0.000000. 0.000000
current
Matrix Display
1.000000, 0.000000, 0.000000, 0.000000
0.000000, 1.000000, 0.000000, 0.000000
0.000000, 0.000000, 1.000000, 0.000000
0.000000, 0.000000, 0.000000, 1.000000
base: 0.000000, 0.000000. 0.000000
